pseudo coins actualLevel timer death score
ELZEBALTH|4|1|00:00:00:600|600|0000000
|0|31|0:0:5:0|0|0000000
BABTOU|8|1|00:00:00:0000|24|99999
DEUS|12|12|00:01:00:0000|88|780000
|0|31|0:0:5:0|0|0000000
|2|4|0:0:38:26493|5|0000000
IPENIS|7|7|11:00:10:0000|14|941928
|0|31|0:0:5:0|0|0000000
|2|4|0:0:38:6179|5|0000000
|2|4|0:0:38:12691|5|0000000
|0|31|0:0:5:0|0|0000000
|2|4|0:0:38:13407|5|0000000
|1|2|0:0:8:5910|1|0000000
|0|31|0:0:5:0|0|0000000
|1|2|0:0:8:6999|1|0000000
|1|2|0:0:8:13493|1|0000000
|0|31|0:0:5:0|0|0000000
|0|1|0:0:0:8326|0|0000000
|1|2|0:0:8:11392|1|0000000
|0|1|0:0:0:5983|0|0000000
|0|1|0:0:0:7188|0|0000000
|0|1|0:0:0:12147|0|0000000
|0|1|0:0:0:11513|0|0000000
|0|1|0:0:0:7849|0|0000000
|0|1|0:0:0:16477|0|0000000
|0|1|0:0:0:15927|0|0000000
|0|1|0:0:0:7849|0|0000000
|0|1|0:0:0:7849|0|0000000
|0|1|0:0:0:7849|0|0000000
|0|1|0:0:0:7849|0|0000000
|0|1|0:0:0:7849|0|0000000
|0|1|0:0:0:7849|0|0000000
|0|1|0:0:0:7849|0|0000000
|0|1|0:0:0:7849|0|0000000
|0|1|0:0:0:7849|0|0000000
|0|1|0:0:0:7849|0|0000000
|0|1|0:0:0:7849|0|0000000
|0|1|00:00:00:0000|0|0000000
|0|1|00:00:00:0000|0|0000000
|0|1|00:00:00:0000|0|0000000
|0|1|00:00:00:0000|0|0000000
A|0|1|00:00:00:0000|0|0000000
|0|1|00:00:00:0000|0|0000000
|0|1|00:00:00:0000|0|0000000
|0|1|00:00:00:0000|0|0000000
|0|1|00:00:00:0000|0|0000000
|0|1|00:00:00:0000|0|0000000
|0|1|00:00:00:0000|0|0000000
|0|1|00:00:00:0000|0|0000000
|0|1|00:00:00:0000|0|0000000
|0|1|00:00:00:0000|0|0000000
|0|1|00:00:00:0000|0|0000000
|0|1|00:00:00:0000|0|0000000
|0|1|00:00:00:0000|0|0000000
|0|1|00:00:00:0000|0|0000000
|0|1|00:00:00:0000|0|0000000
|0|1|00:00:00:0000|0|0000000
|0|1|00:00:00:0000|0|0000000
|0|1|00:00:00:0000|0|0000000
|0|1|00:00:00:0000|0|0000000
|0|1|00:00:00:0000|0|0000000
|0|1|00:00:00:0000|0|0000000
|0|1|00:00:00:0000|0|0000000
|0|1|00:00:00:0000|0|0000000
|0|1|00:00:00:0000|0|0000000
|0|1|00:00:00:0000|0|0000000
|0|1|00:00:00:0000|0|0000000
|0|1|00:00:00:0000|0|0000000
|0|1|00:00:00:0000|0|0000000
Q|0|1|00:00:00:0000|0|0000000
|0|1|00:00:00:0000|0|0000000
|0|1|00:00:00:0000|0|0000000
ZE|0|1|00:00:00:0000|0|0000000
|0|1|00:00:00:0000|0|0000000
|0|1|00:00:00:0000|0|0000000
|0|1|00:00:00:0000|0|0000000
|0|1|00:00:00:0000|0|0000000
|0|1|00:00:00:0000|0|0000000
|0|1|00:00:00:0000|0|0000000
|0|1|00:00:00:0000|0|0000000
|0|1|00:00:00:0000|0|0000000
|0|1|00:00:00:0000|0|0000000
|0|1|00:00:00:0000|0|0000000
|0|1|00:00:00:0000|0|0000000
EDFE|0|1|00:00:00:0000|0|0000000
|0|1|00:00:00:0000|0|0000000
|0|1|00:00:00:0000|0|0000000
|0|1|00:00:00:0000|0|0000000
|0|1|00:00:00:0000|0|0000000
|0|1|00:00:00:0000|0|0000000
|0|1|00:00:00:0000|0|0000000
|0|1|00:00:00:0000|0|0000000
|0|1|00:00:00:0000|0|0000000
|0|1|00:00:00:0000|0|0000000
|0|1|00:00:00:0000|0|0000000
|0|1|00:00:00:0000|0|0000000
EDGE|0|1|00:00:00:0000|0|0000000
|0|1|00:00:00:0000|0|0000000
|0|1|00:00:00:0000|0|0000000
|0|1|00:00:00:0000|0|0000000
|0|1|00:00:00:0000|0|0000000
|0|1|00:00:00:0000|0|0000000
|0|1|00:00:00:0000|0|0000000
|0|1|00:00:00:0000|0|0000000
|0|1|00:00:00:0000|0|0000000
