pseudo coins actualLevel timer death score
LEVEL 1|0|1|00:00:00:0000|0|0000000
LEVEL 2|0|2|00:00:00:0000|0|0000000
LEVEL 3|0|3|00:00:00:0000|0|0000000
LEVEL 4|0|4|00:00:00:0000|0|0000000
LEVEL 5|0|5|00:00:00:0000|0|0000000
LEVEL 6|0|6|00:00:00:0000|0|0000000
LEVEL 7|0|7|00:00:00:0000|0|0000000
LEVEL 8|0|8|00:00:00:0000|0|0000000
LEVEL 9|0|9|00:00:00:0000|0|0000000
LEVEL 10|0|10|00:00:00:0000|0|0000000
LEVEL 11|0|11|00:00:00:0000|0|0000000
LEVEL 12|0|12|00:00:00:0000|0|0000000
LEVEL 13|0|13|00:00:00:0000|0|0000000
LEVEL 14|0|14|00:00:00:0000|0|0000000
LEVEL 15|0|15|00:00:00:0000|0|0000000
LEVEL 16|0|16|00:00:00:0000|0|0000000
LEVEL 17|0|17|00:00:00:0000|0|0000000
LEVEL 18|0|18|00:00:00:0000|0|0000000
LEVEL 19|0|19|00:00:00:0000|0|0000000
LEVEL 20|0|20|00:00:00:0000|0|0000000
LEVEL 21|0|21|00:00:00:0000|0|0000000
LEVEL 22|0|22|00:00:00:0000|0|0000000
LEVEL 23|0|23|00:00:00:0000|0|0000000
LEVEL 24|0|24|00:00:00:0000|0|0000000
LEVEL 25|0|25|00:00:00:0000|0|0000000
LEVEL 26|0|26|00:00:00:0000|0|0000000
LEVEL 27|0|27|00:00:00:0000|0|0000000
LEVEL 28|0|28|00:00:00:0000|0|0000000
LEVEL 29|0|30|00:00:00:0000|0|0000000
LEVEL 30|0|30|00:00:00:0000|0|0000000
LEVEL 31|0|31|00:00:00:0000|0|0000000
LEVEL 32|0|32|00:00:00:0000|0|0000000
LEVEL 33|0|33|00:00:00:0000|0|0000000
LEVEL 34|0|34|00:00:00:0000|0|0000000
LEVEL 35|0|35|00:00:00:0000|0|0000000
LEVEL 36|0|36|00:00:00:0000|0|0000000
LEVEL 37|0|37|00:00:00:0000|0|0000000
LEVEL 38|0|38|00:00:00:0000|0|0000000
LEVEL 39|0|39|00:00:00:0000|0|0000000
LEVEL 40|0|40|00:00:00:0000|0|0000000
LEVEL 41|0|41|00:00:00:0000|0|0000000
LEVEL 42|0|42|00:00:00:0000|0|0000000
LEVEL 43|0|43|00:00:00:0000|0|0000000
LEVEL 44|0|44|00:00:00:0000|0|0000000
LEVEL 45|0|45|00:00:00:0000|0|0000000
LEVEL 46|0|46|00:00:00:0000|0|0000000
LEVEL 47|0|47|00:00:00:0000|0|0000000
LEVEL 48|0|48|00:00:00:0000|0|0000000
LEVEL 49|0|49|00:00:00:0000|0|0000000
LEVEL 50|0|50|00:00:00:0000|0|0000000
LEVEL 51|0|51|00:00:00:0000|0|0000000
LEVEL 52|0|52|00:00:00:0000|0|0000000
LEVEL 53|0|53|00:00:00:0000|0|0000000
LEVEL 54|0|54|00:00:00:0000|0|0000000
LEVEL 55|0|55|00:00:00:0000|0|0000000
LEVEL 56|0|56|00:00:00:0000|0|0000000
ELZEBALTH|19|59|00:08:52:606|92|252606
LEVEL 57|0|57|00:00:00:0000|0|0000000
LEVEL 58|0|58|00:00:00:0000|0|0000000
LEVEL 59|0|59|00:00:00:0000|0|0000000
LEVEL 55|0|55|0:1:14:-39884|14|0000000
|0|1|00:00:00:0000|0|0000000
A|0|1|00:00:00:0000|0|0000000
A|1|2|0:0:11:1312|2|0000000
|0|1|00:00:00:0000|0|0000000
LEVEL 38|0|49|0:0:17:1254|2|0000000
LEVEL 49|0|49|0:0:2:-874|0|0000000
LEVEL 55|0|55|0:0:2:898|0|0000000
LEVEL 50|0|50|0:0:3:582|0|0000000
LEVEL 52|0|52|0:0:14:-642|2|0000000
LEVEL 7|1|9|0:0:11:1107|0|0000000
|0|1|00:00:00:0000|0|0000000
|0|1|00:00:00:0000|0|0000000
LEVEL 10|0|10|0:0:3:1888|1|0000000
LEVEL 33|0|38|0:0:3:-808|0|0000000
LEVEL 28|0|28|0:0:2:-308|1|0000000
LEVEL 51|0|51|0:0:2:-159|0|0000000
LEVEL 43|0|43|0:0:2:-243|0|0000000
LEVEL 19|0|21|0:0:6:1076|1|0000000
LEVEL 53|0|53|0:0:2:-75|2|0000000
|0|1|00:00:00:0000|0|0000000
|0|1|0:0:0:490|0|0000000
|0|1|00:00:00:0000|0|0000000
|2|3|0:0:7:2868|0|0000000
LEVEL 19|0|19|0:0:0:532|0|0000000
LEVEL 28|0|28|0:0:1:737|0|0000000
LEVEL 48|0|48|0:0:1:875|0|0000000
LEVEL 44|0|33|0:0:0:1674|0|0000000
LEVEL 32|0|32|0:0:4:-642|0|0000000
LEVEL 28|0|28|0:0:1:1765|0|0000000
LEVEL 4|0|4|0:0:6:1714|0|0000000
LEVEL 13|0|13|0:0:0:773|0|0000000
LEVEL 21|0|21|0:0:1:620|0|0000000
LEVEL 36|0|33|0:0:0:596|0|0000000
LEVEL 31|0|31|0:0:2:-880|0|0000000
|0|1|00:00:00:0000|0|0000000
